0 8 0
0 9 0
0 18 185
0 19 211
1 8 256
1 9 323
1 18 288
1 19 394
2 8 194
2 9 264
2 18 249
2 19 284
3 8 181
3 9 263
3 18 219
3 19 171
4 8 317
4 9 399
4 18 340
4 19 335
5 8 235
5 9 267
5 18 261
5 19 298
6 8 166
6 9 212
6 18 196
6 19 209
7 8 192
7 9 267
7 18 257
7 19 212
8 8 154
8 9 148
8 18 170
8 19 189
9 8 190
9 9 279
9 18 285
9 19 215
10 8 272
10 9 287
10 18 245
10 19 307
11 8 184
11 9 258
11 18 281
11 19 258
12 8 264
12 9 337
12 18 272
12 19 348
13 8 205
13 9 276
13 18 274
13 19 274
14 8 211
14 9 224
14 18 245
14 19 288
15 8 276
15 9 363
15 18 350
15 19 320
16 8 229
16 9 298
16 18 260
16 19 256
17 8 193
17 9 203
17 18 188
17 19 213
18 8 225
18 9 315
18 18 234
18 19 316
19 8 176
19 9 272
19 18 273
19 19 300
